.Random.seed <-
c(403L, 10L, 150698795L, -1185282534L, -1964053284L, 2087395551L, 
815533749L, -846182324L, -1115499358L, -1643133955L, 1894187255L, 
-993606114L, 225884376L, 1883204667L, 1485698521L, -1438444696L, 
-1808425322L, -1669556207L, -750159421L, 744703442L, 1723542628L, 
-284607577L, -2003561219L, 840773876L, -1133287462L, 1796889381L, 
1490987583L, 1620292038L, 1918182992L, -498517389L, 86408849L, 
-1791957312L, 1363054750L, -1417544599L, -874329957L, 1350420906L, 
-1779191348L, -748659569L, 850662597L, 87225468L, -184719150L, 
-383645619L, 1002766599L, -496610066L, -1988510264L, 190726859L, 
-1308325079L, 821980024L, 108023974L, 410438337L, 1308629843L, 
202074114L, -573881036L, -377319753L, 1066226349L, 1961632708L, 
751840234L, -383757227L, -2123748881L, 2082419190L, -1143216352L, 
-1279772445L, -1579070079L, 1356786672L, -758705522L, -780450311L, 
1937528715L, -1906809926L, 1432582844L, -820309505L, -1831043243L, 
-949626772L, -1956221758L, 1612400413L, -1558774377L, 1214422270L, 
-575273288L, 250681499L, -336292103L, 327825480L, -1268536458L, 
-223629647L, 698089187L, -294343246L, 1028232708L, -1283117753L, 
426600477L, 621964948L, 1972053562L, 437790853L, 1472732511L, 
-1068386842L, 257485936L, 2133684115L, 1373505585L, -1706211616L, 
872656766L, 2122475017L, -267661765L, -1021513718L, -2140123156L, 
-1884183441L, -1558398043L, -2115544228L, 2031060786L, 839308845L, 
762895591L, 904572430L, 1336890344L, -463483413L, -383641975L, 
-704616936L, 1070116166L, -1581544543L, -1610455501L, -2071348318L, 
376598164L, 2099981591L, -2081162483L, -769422812L, -435686902L, 
2142595957L, -1678496049L, -664919594L, 1441697152L, 1182959043L, 
506487649L, 1005230544L, 1415852334L, 2078054617L, 1504023275L, 
1988198234L, 2102044956L, 519528479L, 160058485L, 932911372L, 
-992152350L, -589931075L, -285193673L, 461781214L, 1754264600L, 
1392888699L, 375446297L, 1841006504L, 954025814L, 616112081L, 
-688030845L, 589774354L, -1941087836L, -1261716121L, -928480579L, 
-2050227660L, -1010910822L, 1020012005L, 1206804863L, 1231767814L, 
653316752L, 1226175283L, 507144401L, -1113060736L, 696032094L, 
1116727465L, -189109413L, -849610390L, 590834700L, -1584542641L, 
-761111291L, -340927044L, 778516626L, -2005443699L, -945497145L, 
-1586429778L, -656617208L, -329265397L, 692533737L, -1220378952L, 
2076731750L, 328804865L, -736942957L, -1552138430L, -547114764L, 
-1318556425L, -1025907475L, 887740292L, 2138499498L, 829443861L, 
-303297105L, -570763850L, 1008077792L, -2042133725L, -1731025855L, 
1416623920L, -1855916722L, -522618951L, 922300875L, 1069838970L, 
-512100484L, 1020983231L, 96927893L, -1870098772L, 582909058L, 
-396391331L, -939289769L, 1956933182L, -1680235912L, 617730395L, 
-417857351L, -2021732088L, 123200438L, 539287793L, 488478499L, 
-1894764174L, 2119304132L, -1109037177L, 1782551901L, 1941539668L, 
-777899654L, -110707515L, -1777476065L, 1599125926L, 348846896L, 
-1750378029L, -1998151695L, -1577096928L, -1021503554L, -968542263L, 
-480716933L, -1387393718L, -349541972L, 877858098L, 917266880L, 
-1192486348L, -860688440L, 278203578L, 1257804176L, -1676799508L, 
235636308L, 766055570L, 1597637408L, 819388876L, -29981216L, 
236189378L, 377518120L, -1372526932L, 1891766460L, -1351418382L, 
-1325683408L, 133457060L, 233736888L, -1414547110L, -2024339056L, 
-529451140L, -292820716L, 910516034L, -1974669568L, 458183612L, 
1129898832L, 631131938L, 864073032L, 1557032460L, 1475479644L, 
-1061007150L, -529801728L, -1234099884L, 1796566504L, 8104954L, 
-1603593008L, -1276618452L, 1101682420L, 1694866834L, 1068175456L, 
-582486772L, -1174353184L, -1797255838L, -269843800L, 674810444L, 
-1684695684L, 930687282L, -1963025296L, -1557066940L, 39207384L, 
322167930L, -1757624784L, 1550500540L, 1559548756L, -764960702L, 
-560625248L, -238897476L, 465030608L, -2035430046L, -1838684184L, 
-495525940L, 461128444L, 1958381042L, 1913617536L, 739735796L, 
2119752328L, -943822022L, 829396816L, -953247124L, -122574700L, 
-1910324910L, -2017098016L, -1666246964L, -1599752032L, -108185726L, 
-1869216024L, -2007908628L, 1064108092L, 393283186L, 2116383856L, 
1296349732L, 996436024L, 1981689882L, -825882928L, 1073740860L, 
-1413841772L, 1955473538L, 1552637888L, 1012132156L, -767441264L, 
847994914L, 1250277384L, 1429036172L, -815500260L, -1205015918L, 
852078720L, -281869292L, 420378920L, -1223640518L, 1941877968L, 
140219500L, -207409484L, 986458130L, -844134432L, 984867788L, 
274308576L, -1643429342L, 353938728L, 1319453964L, 1789656636L, 
-450973454L, 2017578736L, 478252868L, -1380909480L, -917083590L, 
185020144L, -1839476548L, -654519788L, -1431972670L, 1664250976L, 
1513430396L, -173944624L, 2075034658L, -1146962264L, 1282425740L, 
-436195908L, 1047010354L, -1321425088L, 1259783348L, -1597864120L, 
680774330L, -91496688L, -927040276L, 906183764L, -598831342L, 
-642435168L, 2142950348L, -93858976L, 1323254978L, -656468440L, 
158684588L, -1573500100L, -1670924430L, -580856016L, -799590876L, 
630703160L, -1962286886L, 543602064L, -1943897348L, -1675742316L, 
1389541186L, -21602816L, 1686513212L, -1471681968L, 986617506L, 
1663968072L, 1299370508L, -100878116L, -1124304302L, 1414615168L, 
1427901268L, 1155286504L, -965411078L, 1217473360L, 667380780L, 
1058040180L, -592873838L, 1903144544L, -1668110708L, 322705248L, 
139442914L, 197767336L, 222624972L, -314121732L, -941359182L, 
1951771120L, -1165007420L, 1389034328L, -2023018630L, -1644440144L, 
739530172L, -305445804L, -1057044542L, 305317664L, 517946300L, 
497243728L, -420410910L, -1923017368L, -1196913332L, 1651766524L, 
669358834L, -1255357696L, -1385836940L, -1084926968L, 1749572026L, 
1426125776L, 1233585644L, 818540436L, -1476509998L, -1865127328L, 
-1802683060L, -1881915104L, -120062334L, 1506080232L, 1217434604L, 
-1963992516L, 917935730L, 2118822768L, 512037156L, 1877123640L, 
1209686426L, -87872048L, -579322436L, 1248216212L, -892204926L, 
-711336512L, 1786036028L, 629076112L, -1156551902L, 1693719048L, 
-1594627828L, 2001697180L, -1937405422L, 1529716608L, -525300972L, 
-1508288331L, 958646175L, 1178511352L, -974448170L, -1925570461L, 
1406293029L, 1576608706L, 1329076400L, -1058376487L, 366481995L, 
-359976772L, -583915798L, -49064161L, 886392745L, 650522942L, 
1267152940L, 343574141L, -1598175033L, -1619466832L, 314589134L, 
1068713211L, -1980173475L, 336377994L, -1261844824L, -60478959L, 
-445236477L, -526053884L, 544554546L, -1580417401L, 1804899025L, 
-260463530L, 702639156L, 264392517L, -1521986161L, 409310472L, 
960014118L, -172570669L, -473175755L, 547774610L, 1501372512L, 
-1339140663L, 27372795L, 847815372L, -1846483110L, 1116320335L, 
-1584326887L, -2072927954L, -1036614852L, -1953789779L, -409072809L, 
1863630496L, 31127550L, -114778421L, -441192243L, -1139502086L, 
1941184568L, 497318369L, -1607548269L, 1630914740L, 361159106L, 
1892057559L, -1859457503L, 1820812774L, 965606628L, -1377418219L, 
211317823L, -1505920040L, 934817270L, 1401114115L, 1392748869L, 
1406135650L, -1281519920L, 28994041L, -53446357L, 734102172L, 
-594302774L, 1712259519L, -1673788151L, 1533117982L, 691133388L, 
-1257309795L, 48567335L, -553346480L, 1917085422L, -783007845L, 
-1336963587L, -1114246934L, -2044923000L, -12083919L, 1271858595L, 
-772984412L, -203070382L, -1000341593L, 2073148401L, -652853450L, 
-1597662252L, 747008357L, 1627368815L, 1156689832L, 1402012934L, 
2032847923L, 489040533L, -1076487438L, -255950016L, -850843479L, 
-1537188581L, -952677652L, 735827706L, 1464043311L, 1785997113L, 
-2125227698L, 1802864540L, 954369293L, 1609568119L, -734270592L, 
-123452962L, 1048835755L, 1705892269L, 260550170L, -475803432L, 
1386806593L, 1888515571L, -1218505708L, -980067934L, -321327433L, 
-581457791L, -269279098L, -376449852L, -670207499L, -848270241L, 
-1460646216L, -1537745002L, -1469966941L, -575026843L, 352460930L, 
1469794800L, 1751023513L, -1045333621L, -416832388L, -1645801814L, 
