.Random.seed <-
c(403L, 11L, -1101521247L, 904790323L, 893669538L, 1992925076L, 
-1769648617L, 802773517L, 1347505956L, 308574986L, -2030160267L, 
1255105999L, -1194570026L, -1967852928L, -459973437L, -149349791L, 
-676850992L, 1629234222L, 1636911577L, 1712600555L, 1778622554L, 
-1452158436L, 1103430431L, 1528928117L, 1769963020L, -575387678L, 
-934982467L, 1292077879L, -918834210L, 2074603800L, 301134971L, 
-969012711L, -570131800L, -428339114L, -1172304687L, 2031507587L, 
1441712914L, -1527476572L, -209773977L, -2017545283L, 809749812L, 
767403674L, 990336229L, 601728639L, -770404346L, 419648400L, 
1305771571L, 1720258001L, -750391424L, 339935838L, 1162680745L, 
-944916389L, -1183399830L, 1732243724L, 421636943L, 1571854341L, 
17516220L, -107749486L, 96316557L, 2055412423L, -1174529106L, 
600905224L, 597182987L, -1412535575L, 2077341112L, 615101030L, 
-493306111L, 1118714259L, 757961282L, -1525803532L, 1321439223L, 
1956860909L, 764427396L, -300268886L, 730216469L, -542932817L, 
-2122871114L, -999015200L, 517226531L, -1011171519L, 14811696L, 
1856258126L, -783220551L, 1032623307L, -1272194694L, -1617566596L, 
-1641459521L, 409785749L, -1167981140L, 1682587522L, 830113117L, 
-1885512617L, 160135998L, 1061503864L, 1510035547L, -1180461127L, 
860579336L, 1076630710L, -512928783L, 981089827L, 418766450L, 
1580655812L, 1086796423L, 1863625309L, -1936462764L, 749741690L, 
903353797L, -2052794593L, 888402598L, -1843088336L, 1639507667L, 
-972225295L, 1282621472L, -2099857730L, 781288137L, 443857019L, 
1141839434L, -2000498004L, 1400874415L, -840571547L, 1557762844L, 
1589016434L, -2123904019L, -1808868313L, 182559822L, 1901258920L, 
457475755L, 1152742345L, -464334888L, 176473734L, 871022433L, 
-1286016269L, -1350808222L, 20786132L, -1755476265L, -1607174963L, 
-977349532L, -1307772342L, 1383423925L, 207635215L, 1249148950L, 
-950302016L, 1018670211L, 752449697L, 323989136L, -1352888978L, 
-1085629671L, -460070997L, 68418970L, -83220132L, 699203679L, 
2056155189L, -997456948L, 1514899234L, -1144850051L, -1258081673L, 
1620904862L, -1462420904L, 1657156539L, -1299311271L, -1085067544L, 
-384381162L, -1087635311L, 787447107L, 1717733458L, 409139940L, 
-59581145L, 53839229L, -1471837068L, 1632671322L, -213364059L, 
-738461505L, -539587770L, -216385072L, 448957427L, 217871121L, 
-1977072832L, -674624738L, 137253865L, 795916571L, 2003620650L, 
-980282292L, 1150245903L, 1973884741L, 664387836L, -1645039790L, 
963485901L, 2026344583L, 246338414L, -1838324408L, 1612271947L, 
1851548841L, -1265519112L, -176227034L, -1869472191L, 1558370259L, 
-970961534L, 46014900L, 127208759L, 959907885L, 139048260L, 1556329066L, 
352558293L, -676971921L, -1056624778L, -493866848L, 1410591075L, 
-1081669119L, 1792801136L, 1585735950L, 268008313L, 238859019L, 
-517751750L, 1567513404L, 370905215L, -2051836971L, -1972675092L, 
1859448642L, -95956835L, -134821609L, -103726978L, -542959560L, 
-2021413093L, -1411662727L, 714646728L, -82311946L, -1522756303L, 
459441507L, -1886173390L, 451554876L, 317756658L, -627746576L, 
1166862148L, 18460760L, 747215418L, -923121424L, 85250748L, 2021302804L, 
656080066L, 68863584L, -1634798212L, 289529040L, -1132401630L, 
1554921640L, 1865416076L, -1548912196L, 1381709874L, -2016408768L, 
-1496181068L, -1023102648L, 1820451514L, -1757473008L, -1617131284L, 
225605716L, 298430226L, 1709887904L, 979808204L, -796395680L, 
-1263508286L, 562441768L, -1454822996L, 125805372L, 479875954L, 
-1252542672L, -483194844L, 158113336L, -1253399846L, -1427089520L, 
1161391356L, -653482604L, 239227714L, 1456757248L, 463714364L, 
-430130608L, 1292796066L, 23282504L, 858927628L, -1725140260L, 
-1774540718L, 1907309696L, 1452396372L, -1608286232L, 240487162L, 
-77209776L, -1953905620L, -759447180L, 449549970L, 897260128L, 
106379404L, -1312618144L, -1568622366L, -1542798168L, 512790220L, 
1057241596L, 1698669490L, -626508816L, -272926268L, -1573049000L, 
869247354L, -2129798736L, -1111227972L, -2013831596L, -2034832958L, 
227789600L, -938828868L, -1868873648L, -88669214L, -958535832L, 
176856908L, 830742268L, 2071052018L, 859561216L, -1878035340L, 
792485384L, 2022284730L, 656311760L, 208469996L, -146170988L, 
-1222291246L, -2146825120L, 2075301196L, -1518154976L, -1544660350L, 
-1162378776L, 326861804L, 2135434812L, 767655538L, -1032129680L, 
1246612772L, -2005964232L, 1561579930L, 949315024L, 1780037052L, 
-738507116L, -1310383486L, -1977817664L, -1919185092L, -1516391792L, 
-789215454L, -755124728L, -1647422708L, -1479357540L, 947512338L, 
-1815415936L, -1810470124L, -687340248L, -284626886L, -761277488L, 
1120717420L, 527338548L, -116754286L, -192741024L, 944815436L, 
-380408352L, 1071780770L, 1746066344L, 1790741644L, -1740782660L, 
-708047758L, 46770160L, 1924764740L, 1891797080L, -365174726L, 
850899056L, -1239562692L, -1792506092L, 89250498L, -399990048L, 
-1491784580L, -1584395056L, 583703458L, -516821464L, -410531572L, 
405968828L, -1832879822L, -1173331776L, -1178430924L, -686822712L, 
1053166266L, 1263981712L, 1191810796L, 2019032660L, -1080465774L, 
-782293216L, -1203464244L, -473825056L, -625369406L, 880227368L, 
-711877716L, 1245903548L, 1682287090L, -1289718224L, 1952241572L, 
1714164152L, 1340392282L, 1526797456L, 68299644L, 1567786772L, 
-1274303166L, 51482368L, -1694313540L, -1987244208L, 1104652578L, 
1933943368L, -1075056628L, -1994320804L, 1915531730L, -1718985216L, 
-1519353516L, -1315147544L, 1625579770L, -716446000L, -1822813908L, 
-315629324L, 484609426L, -1495189152L, -486754292L, -748731680L, 
1827023458L, 509960872L, -1399961012L, 1072164732L, 1550456114L, 
1029867120L, 2074956612L, -87783464L, 1689225082L, -1870121424L, 
1168779196L, -940181932L, -248770494L, 318279840L, -1516620100L, 
-429323824L, -1769249950L, -1703009560L, 1193107660L, -1740873220L, 
2022584818L, 1488554624L, 299900404L, -1050806648L, -912687302L, 
1042322256L, 68037740L, 319472020L, -1524222894L, 1269146080L, 
-330433332L, 1114285216L, -110094974L, -1501312792L, -1153927444L, 
232035644L, 299388018L, 172107888L, 1352318620L, -270281715L, 
-1625020297L, -556752768L, 615020254L, -1988629077L, -1443799379L, 
-1065565414L, 997678040L, -1614927807L, 412833523L, 1059944724L, 
1588440226L, 401967543L, 2068655489L, -130856058L, -1298486844L, 
-1533837067L, -2103955105L, 540261304L, -1056919914L, -952067933L, 
-493428123L, 1452361602L, 1457962224L, -536816487L, 1614630027L, 
-559868548L, -1673170006L, 1895056351L, 1347078505L, 5629310L, 
29238636L, -2037875267L, -1053794681L, 1576061552L, 741069070L, 
605306427L, -745583331L, -2053130294L, -2128846616L, -1279552559L, 
511907267L, -1374564668L, -1248553614L, -1529722809L, 1562049553L, 
-1850458730L, -1452850956L, 551103109L, 1934017487L, -113374520L, 
-1703695514L, -1253158509L, -891692299L, 939496146L, -1932215008L, 
-2027293431L, 91304507L, -1143576692L, -2109610470L, 787807887L, 
-532555303L, -644977042L, 896953852L, -1008314515L, -1515208425L, 
1790668000L, -345308482L, -526511989L, -687870195L, 347529018L, 
-1341573256L, 1954753825L, 2127195603L, 37367028L, -1824324222L, 
909254679L, -1059100959L, -1583579098L, 1353741604L, -835363371L, 
509641087L, 459096088L, 1624293174L, -924866109L, 353216517L, 
-706688094L, -568158320L, 141898553L, -1962588181L, -820336420L, 
-611354358L, 1875585023L, -327751095L, -58167330L, 1487331212L, 
-1569575075L, -492349593L, -441586544L, -1855651154L, -1189068965L, 
317001533L, -1351537238L, -1724276152L, 6414961L, -1068993565L, 
1944862436L, -246086126L, 60297703L, -1896550991L, 1276722166L, 
-1232226796L, -517064411L, -2128436689L, 213948392L, -2113126202L, 
669472115L, -182141483L, -663346766L, 1075707776L, 1610941289L, 
-1037039653L, -1976111316L, -1520590534L, -1812873233L, 1806240377L, 
-345268978L, -6376228L, 1318243149L, 972898999L, -705294272L, 
21852446L, 168459243L, 397543277L, 1239969242L, -77414504L, -763163135L, 
